Data_files/DISCOVERAQ-APPLANIX_B200_20130928_R0_F1.ict
50, 1001
Hostetler, Dr. Chris
NASA Langley Research Center
NASA B-200/HSRL
DISCOVER-AQ_2013
1, 1
2013,09,28,2014,02,18
0.5
Gps_time_midpoint, seconds, number_of_seconds_from_0000_UTC
4
1, 1, 1, 1
-9999, -9999, -9999, -9999
Gps_lat, degrees, +N_degrees
Gps_lon, degrees, +E_degrees
Gps_alt, meters, altitude_of_aircraft_in_meters
Site_Flag, none, indicates the UC12 is near a ground site or a P3 spiral
14
Site Flag = 101, Galveston
Site Flag = 102, Manvel Croix
Site Flag = 103, Smith Point
Site Flag = 104, Deer Park
Site Flag = 105, Moody Tower
Site Flag = 106, Channelview
Site Flag = 107, West Houston
Site Flag = 108, Conroe
Site Flag = 709, UH Coastal Center
Site Flag = 710, Seabrook Park
Site Flag = 711, Texas Ave
Site Flag = 712, Clinton
Site Flag = 713, Aldine
Site Flag = 714, NW Harris Co
18
PI_CONTACT_INFO: Address: MS 420 NASA/LaRC, Hampton, VA 23681; email: chris.a.hostetler@nasa.gov; 757-864-5373
PLATFORM: NASA/Langley B200
LOCATION: Lat, Lon, and B200 Alt included in this data file
ASSOCIATED_DATA: N/A
INSTRUMENT_INFO: High Spectral Resolution Lidar (HSRL) Nav Data (Applanix)
DATA_INFO: Nav data for B200 Aircraft, carrying HSRL and ACAM
UNCERTAINTY: Not defined
ULOD_FLAG: N/A
ULOD_VALUE: N/A
LLOD_FLAG: N/A
LLOD_VALUE: N/A
DM_CONTACT_INFO: johnathan.w.hair@nasa.gov, richard.a.ferrare@nasa.gov
PROJECT_INFO: DISCOVER_AQ 2013
STIPULATIONS_ON_USE: None
OTHER_COMMENTS: None
REVISION: R0
R0: Final Archive Data - processed Sept 2013 - Nav Data for B200 Only
Gps_time_midpoint, Gps_lat, Gps_lon, Gps_alt, Site_Flag
[from data line 10110]
59362.000000, 32.065545937333333, -90.390405530833320, 8761.902000000000000, 0.000000000000000
59362.500000, 32.065784554375000, -90.389782427208331, 8762.026249999999000, 0.000000000000000
59363.000000, 32.066023171416667, -90.389159323583328, 8762.150499999999700, 0.000000000000000
59363.500000, 32.066261788458334, -90.388536219958340, 8762.274749999996900, 0.000000000000000
59364.000000, 32.066500405500001, -90.387913116333351, 8762.398999999997600, 0.000000000000000
59364.500000, 32.066738193291670, -90.387289503541680, 8762.494499999998900, 0.000000000000000
59365.000000, 32.066975981083331, -90.386665890750010, 8762.590000000000100, 0.000000000000000
59365.500000, 32.067213768875000, -90.386042277958353, 8762.685499999999600, 0.000000000000000
59366.000000, 32.067451556666668, -90.385418665166682, 8762.781000000000900, 0.000000000000000
59366.500000, 32.067688438624998, -90.384794442666674, 8762.825249999999900, 0.000000000000000
59367.000000, 32.067925320583335, -90.384170220166681, 8762.869500000000700, 0.000000000000000
59367.500000, 32.068162202541664, -90.383545997666673, 8762.913749999999700, 0.000000000000000
59368.000000, 32.068399084500001, -90.382921775166665, 8762.958000000000500, 0.000000000000000
59368.500000, 32.068634957000000, -90.382296775333330, 8762.956249999999300, 0.000000000000000
59369.000000, 32.068870829500000, -90.381671775499996, 8762.954499999999800, 0.000000000000000
59369.500000, 32.069106701999999, -90.381046775666661, 8762.952750000000400, 0.000000000000000
59370.000000, 32.069342574499998, -90.380421775833327, 8762.950999999999100, 0.000000000000000
59370.500000, 32.069577364208328, -90.379796012124984, 8762.912999999998600, 0.000000000000000
59371.000000, 32.069812153916665, -90.379170248416671, 8762.875000000000000, 0.000000000000000
59371.500000, 32.070046943624995, -90.378544484708343, 8762.837000000001400, 0.000000000000000
59372.000000, 32.070281733333331, -90.377918721000000, 8762.799000000000900, 0.000000000000000
59372.500000, 32.070515366708328, -90.377292103041682, 8762.731750000002600, 0.000000000000000
59373.000000, 32.070749000083332, -90.376665485083350, 8762.664500000002600, 0.000000000000000
59373.500000, 32.070982633458328, -90.376038867125004, 8762.597250000000700, 0.000000000000000
59374.000000, 32.071216266833332, -90.375412249166672, 8762.530000000000700, 0.000000000000000
59374.500000, 32.071448646874998, -90.374784798833332, 8762.434500000001200, 0.000000000000000
59375.000000, 32.071681026916664, -90.374157348500006, 8762.338999999999900, 0.000000000000000
59375.500000, 32.071913406958330, -90.373529898166666, 8762.243500000000500, 0.000000000000000
59376.000000, 32.072145786999990, -90.372902447833326, 8762.148000000001000, 0.000000000000000
59376.500000, 32.072376949958326, -90.372274123875002, 8762.060750000000600, 0.000000000000000
59377.000000, 32.072608112916669, -90.371645799916649, 8761.973500000000100, 0.000000000000000
59377.500000, 32.072839275874998, -90.371017475958325, 8761.886250000001400, 0.000000000000000
59378.000000, 32.073070438833334, -90.370389152000001, 8761.799000000000900, 0.000000000000000
59378.500000, 32.073300561833335, -90.369759988833337, 8761.717000000000600, 0.000000000000000
59379.000000, 32.073530684833329, -90.369130825666673, 8761.635000000002000, 0.000000000000000
59379.500000, 32.073760807833331, -90.368501662500023, 8761.552999999999900, 0.000000000000000
59380.000000, 32.073990930833325, -90.367872499333359, 8761.471000000001400, 0.000000000000000
59380.500000, 32.074220441416671, -90.367242777666675, 8761.395000000000400, 0.000000000000000
59381.000000, 32.074449952000002, -90.366613056000006, 8761.318999999999500, 0.000000000000000
59381.500000, 32.074679212916671, -90.365983103666665, 8761.237499999999300, 0.000000000000000
59382.000000, 32.074908473833339, -90.365353151333323, 8761.156000000000900, 0.000000000000000
59382.500000, 32.075137232791668, -90.364722789458312, 8761.071250000000900, 0.000000000000000
59383.000000, 32.075365991750004, -90.364092427583330, 8760.986499999999100, 0.000000000000000
59383.500000, 32.075594750708333, -90.363462065708347, 8760.901749999999100, 0.000000000000000
59384.000000, 32.075823509666662, -90.362831703833336, 8760.816999999999100, 0.000000000000000
59384.500000, 32.076051589944441, -90.362200596888897, 8760.749833333333300, 0.000000000000000
59385.000000, 32.076279670222220, -90.361569489944443, 8760.682666666667500, 0.000000000000000
59385.500000, 32.076507750499992, -90.360938382999990, 8760.615499999999900, 0.000000000000000
59386.000000, 32.076735830777771, -90.360307276055551, 8760.548333333334100, 0.000000000000000
59386.500000, 32.076963911055550, -90.359676169111111, 8760.481166666668300, 0.000000000000000
59387.000000, 32.077191991333322, -90.359045062166672, 8760.414000000002500, 0.000000000000000
59387.500000, 32.077419591249992, -90.358413444416669, 8760.390500000001300, 0.000000000000000
59388.000000, 32.077647191166669, -90.357781826666667, 8760.367000000000200, 0.000000000000000
59388.500000, 32.077874515125004, -90.357149778500002, 8760.345250000000300, 0.000000000000000
59389.000000, 32.078101839083331, -90.356517730333337, 8760.323500000000400, 0.000000000000000
59389.500000, 32.078329163041666, -90.355885682166672, 8760.301750000000500, 0.000000000000000
59390.000000, 32.078556487000000, -90.355253634000007, 8760.280000000000700, 0.000000000000000
59390.500000, 32.078783573749995, -90.354621234166657, 8760.235749999999800, 0.000000000000000
59391.000000, 32.079010660499996, -90.353988834333336, 8760.191500000000800, 0.000000000000000
59391.500000, 32.079237747249998, -90.353356434500000, 8760.147250000000000, 0.000000000000000
59392.000000, 32.079464833999999, -90.352724034666664, 8760.102999999999200, 0.000000000000000
59392.500000, 32.079691730166665, -90.352091234249997, 8760.050999999999500, 0.000000000000000
59393.000000, 32.079918626333331, -90.351458433833344, 8759.998999999999800, 0.000000000000000
59393.500000, 32.080145333833329, -90.350825431416681, 8759.925750000000300, 0.000000000000000
59394.000000, 32.080372041333334, -90.350192429000018, 8759.852500000000900, 0.000000000000000
59394.500000, 32.080598748833324, -90.349559426583355, 8759.779249999999600, 0.000000000000000
59395.000000, 32.080825456333329, -90.348926424166692, 8759.706000000001900, 0.000000000000000
59395.500000, 32.081051946916666, -90.348293054833348, 8759.625500000001900, 0.000000000000000
59396.000000, 32.081278437500004, -90.347659685500005, 8759.545000000000100, 0.000000000000000
59396.500000, 32.081504843666664, -90.347026141000001, 8759.462999999999700, 0.000000000000000
59397.000000, 32.081731249833332, -90.346392596499996, 8759.380999999999400, 0.000000000000000
59397.500000, 32.081957495166662, -90.345758817222219, 8759.282833333332700, 0.000000000000000
59398.000000, 32.082183740500000, -90.345125037944442, 8759.184666666667900, 0.000000000000000
59398.500000, 32.082409985833330, -90.344491258666665, 8759.086499999999400, 0.000000000000000
59399.000000, 32.082636231166660, -90.343857479388873, 8758.988333333332800, 0.000000000000000
59399.500000, 32.082862476499997, -90.343223700111110, 8758.890166666666100, 0.000000000000000
59400.000000, 32.083088721833327, -90.342589920833319, 8758.791999999999500, 0.000000000000000
59400.500000, 32.083314813249999, -90.341955952333336, 8758.704499999999800, 0.000000000000000
59401.000000, 32.083540904666663, -90.341321983833339, 8758.617000000000200, 0.000000000000000
59401.500000, 32.083766900291664, -90.340687944833348, 8758.533500000001400, 0.000000000000000
59402.000000, 32.083992895916666, -90.340053905833344, 8758.450000000000700, 0.000000000000000
59402.500000, 32.084218891541667, -90.339419866833325, 8758.366500000000100, 0.000000000000000
59403.000000, 32.084444887166669, -90.338785827833334, 8758.282999999999400, 0.000000000000000
59403.500000, 32.084670913375000, -90.338151903291674, 8758.207500000000400, 0.000000000000000
59404.000000, 32.084896939583331, -90.337517978750014, 8758.132000000001400, 0.000000000000000
59404.500000, 32.085122965791669, -90.336884054208355, 8758.056500000000600, 0.000000000000000
59405.000000, 32.085348991999993, -90.336250129666695, 8757.981000000001600, 0.000000000000000
59405.500000, 32.085575151874998, -90.335616441666687, 8757.938249999999200, 0.000000000000000
59406.000000, 32.085801311750004, -90.334982753666679, 8757.895499999998700, 0.000000000000000
59406.500000, 32.086027471625002, -90.334349065666686, 8757.852750000000000, 0.000000000000000
59407.000000, 32.086253631500000, -90.333715377666678, 8757.809999999999500, 0.000000000000000
59407.500000, 32.086480064499995, -90.333082079625015, 8757.795749999999300, 0.000000000000000
59408.000000, 32.086706497499996, -90.332448781583338, 8757.781500000001000, 0.000000000000000
59408.500000, 32.086932930499998, -90.331815483541689, 8757.767250000000800, 0.000000000000000
59409.000000, 32.087159363499993, -90.331182185500012, 8757.753000000000600, 0.000000000000000
59409.500000, 32.087386051249993, -90.330549215083352, 8757.771000000000600, 0.000000000000000
59410.000000, 32.087612738999994, -90.329916244666677, 8757.789000000000700, 0.000000000000000
59410.500000, 32.087839794416666, -90.329283691958324, 8757.836750000002200, 0.000000000000000
59411.000000, 32.088066849833325, -90.328651139250013, 8757.884500000000100, 0.000000000000000
59411.500000, 32.088293905249998, -90.328018586541674, 8757.932249999999800, 0.000000000000000
59412.000000, 32.088520960666663, -90.327386033833349, 8757.979999999999600, 0.000000000000000
59412.500000, 32.088748321499992, -90.326753913333349, 8758.054999999998500, 0.000000000000000
59413.000000, 32.088975682333327, -90.326121792833348, 8758.129999999997400, 0.000000000000000
59413.500000, 32.089203338124989, -90.325490133374998, 8758.215249999997500, 0.000000000000000
59414.000000, 32.089430993916665, -90.324858473916663, 8758.300499999997600, 0.000000000000000
59414.500000, 32.089658649708333, -90.324226814458328, 8758.385749999999500, 0.000000000000000
59415.000000, 32.089886305500002, -90.323595154999992, 8758.470999999999500, 0.000000000000000
59415.500000, 32.090114268750000, -90.322963870083328, 8758.600500000000500, 0.000000000000000
59416.000000, 32.090342231999998, -90.322332585166649, 8758.729999999999600, 0.000000000000000
59416.500000, 32.090570557500001, -90.321701693374990, 8758.884249999999200, 0.000000000000000
59417.000000, 32.090798882999998, -90.321070801583332, 8759.038499999998700, 0.000000000000000
59417.500000, 32.091027208499995, -90.320439909791673, 8759.192749999998300, 0.000000000000000
59418.000000, 32.091255533999998, -90.319809018000015, 8759.346999999999800, 0.000000000000000
59418.500000, 32.091484143833334, -90.319178430750014, 8759.489999999999800, 0.000000000000000
59419.000000, 32.091712753666670, -90.318547843500014, 8759.632999999999800, 0.000000000000000
59419.500000, 32.091941853333338, -90.317917818000012, 8759.769749999999500, 0.000000000000000
59420.000000, 32.092170953000000, -90.317287792499997, 8759.906500000001000, 0.000000000000000
59420.500000, 32.092400052666669, -90.316657766999981, 8760.043250000002400, 0.000000000000000
59421.000000, 32.092629152333330, -90.316027741499980, 8760.180000000002100, 0.000000000000000
59421.500000, 32.092858647500002, -90.315398115583321, 8760.299500000001000, 0.000000000000000
59422.000000, 32.093088142666673, -90.314768489666676, 8760.418999999999900, 0.000000000000000
59422.500000, 32.093318114041672, -90.314139251458343, 8760.513499999999100, 0.000000000000000
59423.000000, 32.093548085416671, -90.313510013250010, 8760.608000000000200, 0.000000000000000
59423.500000, 32.093778056791663, -90.312880775041663, 8760.702499999999400, 0.000000000000000
59424.000000, 32.094008028166662, -90.312251536833344, 8760.796999999998700, 0.000000000000000
59424.500000, 32.094238656666661, -90.311622757916666, 8760.889999999999400, 0.000000000000000
59425.000000, 32.094469285166667, -90.310993979000003, 8760.983000000000200, 0.000000000000000
59425.500000, 32.094699913666666, -90.310365200083339, 8761.075999999999100, 0.000000000000000
59426.000000, 32.094930542166672, -90.309736421166662, 8761.168999999999900, 0.000000000000000
59426.500000, 32.095161368833338, -90.309107951499996, 8761.276499999999900, 0.000000000000000
59427.000000, 32.095392195500004, -90.308479481833331, 8761.384000000000000, 0.000000000000000
59427.500000, 32.095623877250006, -90.307851406874988, 8761.440500000000600, 0.000000000000000
59428.000000, 32.095855559000000, -90.307223331916660, 8761.496999999999400, 0.000000000000000
59428.500000, 32.096087240750009, -90.306595256958332, 8761.553500000001800, 0.000000000000000
59429.000000, 32.096318922500011, -90.305967182000003, 8761.610000000000600, 0.000000000000000
59429.500000, 32.096551341541669, -90.305339400750000, 8761.599500000000300, 0.000000000000000
59430.000000, 32.096783760583335, -90.304711619500011, 8761.588999999999900, 0.000000000000000
59430.500000, 32.097016179625001, -90.304083838249994, 8761.578499999999600, 0.000000000000000
59431.000000, 32.097248598666667, -90.303456057000005, 8761.567999999999300, 0.000000000000000
59431.500000, 32.097481433249996, -90.302828702749991, 8761.555499999998600, 0.000000000000000
59432.000000, 32.097714267833332, -90.302201348499992, 8761.542999999999700, 0.000000000000000
59432.500000, 32.097947471791663, -90.301574167333342, 8761.523999999999400, 0.000000000000000
59433.000000, 32.098180675750001, -90.300946986166650, 8761.505000000001000, 0.000000000000000
59433.500000, 32.098413879708332, -90.300319804999987, 8761.486000000000800, 0.000000000000000
59434.000000, 32.098647083666670, -90.299692623833323, 8761.467000000000600, 0.000000000000000
59434.500000, 32.098880667250000, -90.299065583749993, 8761.436999999999900, 0.000000000000000
59435.000000, 32.099114250833338, -90.298438543666677, 8761.406999999999200, 0.000000000000000
59435.500000, 32.099347834416669, -90.297811503583347, 8761.377000000000400, 0.000000000000000
59436.000000, 32.099581418000000, -90.297184463500031, 8761.346999999999800, 0.000000000000000
59436.500000, 32.099815152916662, -90.296557477916679, 8761.326000000000900, 0.000000000000000
59437.000000, 32.100048887833339, -90.295930492333312, 8761.305000000000300, 0.000000000000000
59437.500000, 32.100282685500005, -90.295303520833329, 8761.289000000000700, 0.000000000000000
59438.000000, 32.100516483166665, -90.294676549333332, 8761.272999999999200, 0.000000000000000
59438.500000, 32.100750255999998, -90.294049547500009, 8761.263500000000900, 0.000000000000000
59439.000000, 32.100984028833331, -90.293422545666672, 8761.254000000000800, 0.000000000000000
59439.500000, 32.101217620833332, -90.292795421958346, 8761.237500000001100, 0.000000000000000
59440.000000, 32.101451212833332, -90.292168298250004, 8761.221000000001400, 0.000000000000000
59440.500000, 32.101684804833333, -90.291541174541663, 8761.204499999999800, 0.000000000000000
59441.000000, 32.101918396833334, -90.290914050833337, 8761.188000000000100, 0.000000000000000
59441.500000, 32.102151640625003, -90.290286696458338, 8761.161749999999300, 0.000000000000000
59442.000000, 32.102384884416665, -90.289659342083326, 8761.135500000000300, 0.000000000000000
59442.500000, 32.102618128208334, -90.289031987708327, 8761.109250000001300, 0.000000000000000
59443.000000, 32.102851372000003, -90.288404633333329, 8761.083000000000500, 0.000000000000000
59443.500000, 32.103084183625000, -90.287776854958324, 8761.062750000001000, 0.000000000000000
59444.000000, 32.103316995249997, -90.287149076583333, 8761.042499999999600, 0.000000000000000
59444.500000, 32.103549806875002, -90.286521298208328, 8761.022250000000000, 0.000000000000000
59445.000000, 32.103782618499999, -90.285893519833337, 8761.002000000000400, 0.000000000000000
