Data_files/DISCOVERAQ-APPLANIX_B200_20130928_R0_F1.ict
50, 1001
Hostetler, Dr. Chris
NASA Langley Research Center
NASA B-200/HSRL
DISCOVER-AQ_2013
1, 1
2013,09,28,2014,02,18
0.5
Gps_time_midpoint, seconds, number_of_seconds_from_0000_UTC
4
1, 1, 1, 1
-9999, -9999, -9999, -9999
Gps_lat, degrees, +N_degrees
Gps_lon, degrees, +E_degrees
Gps_alt, meters, altitude_of_aircraft_in_meters
Site_Flag, none, indicates the UC12 is near a ground site or a P3 spiral
14
Site Flag = 101, Galveston
Site Flag = 102, Manvel Croix
Site Flag = 103, Smith Point
Site Flag = 104, Deer Park
Site Flag = 105, Moody Tower
Site Flag = 106, Channelview
Site Flag = 107, West Houston
Site Flag = 108, Conroe
Site Flag = 709, UH Coastal Center
Site Flag = 710, Seabrook Park
Site Flag = 711, Texas Ave
Site Flag = 712, Clinton
Site Flag = 713, Aldine
Site Flag = 714, NW Harris Co
18
PI_CONTACT_INFO: Address: MS 420 NASA/LaRC, Hampton, VA 23681; email: chris.a.hostetler@nasa.gov; 757-864-5373
PLATFORM: NASA/Langley B200
LOCATION: Lat, Lon, and B200 Alt included in this data file
ASSOCIATED_DATA: N/A
INSTRUMENT_INFO: High Spectral Resolution Lidar (HSRL) Nav Data (Applanix)
DATA_INFO: Nav data for B200 Aircraft, carrying HSRL and ACAM
UNCERTAINTY: Not defined
ULOD_FLAG: N/A
ULOD_VALUE: N/A
LLOD_FLAG: N/A
LLOD_VALUE: N/A
DM_CONTACT_INFO: johnathan.w.hair@nasa.gov, richard.a.ferrare@nasa.gov
PROJECT_INFO: DISCOVER_AQ 2013
STIPULATIONS_ON_USE: None
OTHER_COMMENTS: None
REVISION: R0
R0: Final Archive Data - processed Sept 2013 - Nav Data for B200 Only
Gps_time_midpoint, Gps_lat, Gps_lon, Gps_alt, Site_Flag
[from data line 13647]
61130.500000, 32.860599371916663, -88.173949241999992, 8745.665499999999200, 0.000000000000000
61131.000000, 32.860814787166667, -88.173328106333344, 8745.610000000000600, 0.000000000000000
61131.500000, 32.861029609250004, -88.172706636833325, 8745.552500000001600, 0.000000000000000
61132.000000, 32.861244431333333, -88.172085167333307, 8745.494999999999000, 0.000000000000000
61132.500000, 32.861458691083335, -88.171463336166653, 8745.433499999999200, 0.000000000000000
61133.000000, 32.861672950833338, -88.170841505000013, 8745.371999999999400, 0.000000000000000
61133.500000, 32.861886598833337, -88.170219387083336, 8745.306999999998900, 0.000000000000000
61134.000000, 32.862100246833329, -88.169597269166644, 8745.241999999998400, 0.000000000000000
61134.500000, 32.862313351333327, -88.168974830416659, 8745.179000000000100, 0.000000000000000
61135.000000, 32.862526455833333, -88.168352391666673, 8745.116000000000000, 0.000000000000000
61135.500000, 32.862739195750002, -88.167729755416673, 8745.068500000001200, 0.000000000000000
61136.000000, 32.862951935666672, -88.167107119166673, 8745.021000000000600, 0.000000000000000
61136.500000, 32.863164031055554, -88.166484212777775, 8744.973500000000100, 0.000000000000000
61137.000000, 32.863376126444443, -88.165861306388877, 8744.925999999999500, 0.000000000000000
61137.500000, 32.863588221833332, -88.165238399999993, 8744.878500000000700, 0.000000000000000
61138.000000, 32.863800317222221, -88.164615493611109, 8744.831000000000100, 0.000000000000000
61138.500000, 32.864012412611110, -88.163992587222211, 8744.783500000001400, 0.000000000000000
61139.000000, 32.864224508000000, -88.163369680833327, 8744.736000000000800, 0.000000000000000
61139.500000, 32.864436136083327, -88.162746540083333, 8744.703000000001300, 0.000000000000000
61140.000000, 32.864647764166662, -88.162123399333325, 8744.670000000000100, 0.000000000000000
61140.500000, 32.864859209083328, -88.161500210500009, 8744.650999999999800, 0.000000000000000
61141.000000, 32.865070653999993, -88.160877021666678, 8744.631999999999600, 0.000000000000000
61141.500000, 32.865281960166669, -88.160253885333333, 8744.641499999999700, 0.000000000000000
61142.000000, 32.865493266333338, -88.159630749000002, 8744.650999999999800, 0.000000000000000
61142.500000, 32.865704361166671, -88.159007550666672, 8744.634500000000100, 0.000000000000000
61143.000000, 32.865915456000003, -88.158384352333329, 8744.618000000000400, 0.000000000000000
61143.500000, 32.866126628333333, -88.157761262333338, 8744.637999999999000, 0.000000000000000
61144.000000, 32.866337800666663, -88.157138172333347, 8744.657999999997600, 0.000000000000000
61144.500000, 32.866548851083330, -88.156515177833342, 8744.662499999998500, 0.000000000000000
61145.000000, 32.866759901499996, -88.155892183333350, 8744.666999999999500, 0.000000000000000
61145.500000, 32.866970960083336, -88.155269167250026, 8744.720499999999400, 0.000000000000000
61146.000000, 32.867182018666668, -88.154646151166673, 8744.773999999999400, 0.000000000000000
61146.500000, 32.867393188333338, -88.154023291416678, 8744.814999999998700, 0.000000000000000
61147.000000, 32.867604358000001, -88.153400431666668, 8744.855999999999800, 0.000000000000000
61147.500000, 32.867815656083330, -88.152777733583349, 8744.901499999999900, 0.000000000000000
61148.000000, 32.868026954166659, -88.152155035500030, 8744.946999999998300, 0.000000000000000
61148.500000, 32.868238409499995, -88.151532430000032, 8744.991500000000100, 0.000000000000000
61149.000000, 32.868449864833330, -88.150909824500033, 8745.036000000000100, 0.000000000000000
61149.500000, 32.868661875222216, -88.150287676083366, 8745.075333333332300, 0.000000000000000
61150.000000, 32.868873885611109, -88.149665527666684, 8745.114666666666400, 0.000000000000000
61150.500000, 32.869085896000001, -88.149043379250031, 8745.154000000000500, 0.000000000000000
61151.000000, 32.869297906388880, -88.148421230833364, 8745.193333333332700, 0.000000000000000
61151.500000, 32.869509916777773, -88.147799082416682, 8745.232666666666800, 0.000000000000000
61152.000000, 32.869721927166665, -88.147176934000015, 8745.272000000000800, 0.000000000000000
61152.500000, 32.869934512249998, -88.146555206666676, 8745.320999999999900, 0.000000000000000
61153.000000, 32.870147097333330, -88.145933479333323, 8745.370000000000800, 0.000000000000000
61153.500000, 32.870359989333338, -88.145312001999997, 8745.411000000000100, 0.000000000000000
61154.000000, 32.870572881333338, -88.144690524666657, 8745.451999999999300, 0.000000000000000
61154.500000, 32.870786058500002, -88.144069243166655, 8745.505499999999300, 0.000000000000000
61155.000000, 32.870999235666666, -88.143447961666666, 8745.558999999999300, 0.000000000000000
61155.500000, 32.871212744166669, -88.142826926916655, 8745.628999999999000, 0.000000000000000
61156.000000, 32.871426252666666, -88.142205892166658, 8745.698999999998700, 0.000000000000000
61156.500000, 32.871639700666663, -88.141585001416672, 8745.775499999999700, 0.000000000000000
61157.000000, 32.871853148666659, -88.140964110666673, 8745.852000000000800, 0.000000000000000
61157.500000, 32.872067476833330, -88.140343554333327, 8745.876000000000200, 0.000000000000000
61158.000000, 32.872281804999993, -88.139722998000011, 8745.899999999999600, 0.000000000000000
61158.500000, 32.872496826722220, -88.139103029277777, 8745.927333333333100, 0.000000000000000
61159.000000, 32.872711848444439, -88.138483060555558, 8745.954666666666500, 0.000000000000000
61159.500000, 32.872926870166665, -88.137863091833339, 8745.982000000000000, 0.000000000000000
61160.000000, 32.873141891888885, -88.137243123111105, 8746.009333333333400, 0.000000000000000
61160.500000, 32.873356913611111, -88.136623154388886, 8746.036666666666900, 0.000000000000000
61161.000000, 32.873571935333331, -88.136003185666652, 8746.064000000000300, 0.000000000000000
61161.500000, 32.873787634666670, -88.135383663249996, 8746.092000000000600, 0.000000000000000
61162.000000, 32.874003334000001, -88.134764140833340, 8746.120000000000800, 0.000000000000000
61162.500000, 32.874219437750000, -88.134144910499998, 8746.141999999999800, 0.000000000000000
61163.000000, 32.874435541499999, -88.133525680166670, 8746.163999999998900, 0.000000000000000
61163.500000, 32.874651994499999, -88.132906660583345, 8746.162500000000400, 0.000000000000000
61164.000000, 32.874868447499992, -88.132287641000005, 8746.161000000000100, 0.000000000000000
61164.500000, 32.875085132500004, -88.131668718166679, 8746.159999999999900, 0.000000000000000
61165.000000, 32.875301817500002, -88.131049795333340, 8746.158999999999700, 0.000000000000000
61165.500000, 32.875519064999999, -88.130431325499998, 8746.154999999998800, 0.000000000000000
61166.000000, 32.875736312499996, -88.129812855666657, 8746.150999999999800, 0.000000000000000
61166.500000, 32.875953987000003, -88.129194688166649, 8746.135500000000300, 0.000000000000000
61167.000000, 32.876171661500003, -88.128576520666655, 8746.120000000002600, 0.000000000000000
61167.500000, 32.876390202694445, -88.127958942749999, 8746.121833333334500, 0.000000000000000
61168.000000, 32.876608743888887, -88.127341364833342, 8746.123666666666400, 0.000000000000000
61168.500000, 32.876827285083337, -88.126723786916671, 8746.125500000000100, 0.000000000000000
61169.000000, 32.877045826277779, -88.126106209000014, 8746.127333333333800, 0.000000000000000
61169.500000, 32.877264367472222, -88.125488631083357, 8746.129166666665700, 0.000000000000000
61170.000000, 32.877482908666671, -88.124871053166686, 8746.130999999999400, 0.000000000000000
61170.500000, 32.877702292083342, -88.124254100083363, 8746.137999999999000, 0.000000000000000
61171.000000, 32.877921675500005, -88.123637147000025, 8746.145000000000400, 0.000000000000000
61171.500000, 32.878141429833335, -88.123020447750037, 8746.143000000000000, 0.000000000000000
61172.000000, 32.878361184166671, -88.122403748500020, 8746.140999999999600, 0.000000000000000
61172.500000, 32.878581232999998, -88.121787276083353, 8746.127500000000500, 0.000000000000000
61173.000000, 32.878801281833333, -88.121170803666672, 8746.113999999999600, 0.000000000000000
61173.500000, 32.879021603749997, -88.120554582333341, 8746.122499999999500, 0.000000000000000
61174.000000, 32.879241925666662, -88.119938361000010, 8746.130999999999400, 0.000000000000000
61174.500000, 32.879462618333328, -88.119322422416673, 8746.141999999999800, 0.000000000000000
61175.000000, 32.879683310999994, -88.118706483833350, 8746.153000000000200, 0.000000000000000
61175.500000, 32.879904362500000, -88.118090721416678, 8746.175499999999400, 0.000000000000000
61176.000000, 32.880125413999998, -88.117474959000006, 8746.198000000000300, 0.000000000000000
61176.500000, 32.880346745791662, -88.116859495166665, 8746.227500000000900, 0.000000000000000
61177.000000, 32.880568077583334, -88.116244031333338, 8746.256999999999600, 0.000000000000000
61177.500000, 32.880789409374998, -88.115628567499982, 8746.286500000000200, 0.000000000000000
61178.000000, 32.881010741166662, -88.115013103666655, 8746.316000000000700, 0.000000000000000
61178.500000, 32.881232421249990, -88.114397911499992, 8746.361000000000800, 0.000000000000000
61179.000000, 32.881454101333325, -88.113782719333344, 8746.405999999999000, 0.000000000000000
61179.500000, 32.881675838166665, -88.113167608916683, 8746.451999999999300, 0.000000000000000
61180.000000, 32.881897575000004, -88.112552498500008, 8746.497999999999600, 0.000000000000000
61180.500000, 32.882119409500000, -88.111937470500010, 8746.550499999999400, 0.000000000000000
61181.000000, 32.882341244000003, -88.111322442499997, 8746.602999999999200, 0.000000000000000
61181.500000, 32.882563188208337, -88.110707500416666, 8746.646999999999000, 0.000000000000000
61182.000000, 32.882785132416672, -88.110092558333321, 8746.690999999998900, 0.000000000000000
61182.500000, 32.883007076625006, -88.109477616250004, 8746.735000000000600, 0.000000000000000
61183.000000, 32.883229020833340, -88.108862674166659, 8746.778999999998600, 0.000000000000000
61183.500000, 32.883450965041675, -88.108247732083328, 8746.823000000000300, 0.000000000000000
61184.000000, 32.883672909250002, -88.107632790000011, 8746.866999999998400, 0.000000000000000
61184.500000, 32.883894853458337, -88.107017847916666, 8746.911000000000100, 0.000000000000000
61185.000000, 32.884116797666671, -88.106402905833335, 8746.954999999999900, 0.000000000000000
61185.500000, 32.884338792916665, -88.105788049750004, 8746.984000000000400, 0.000000000000000
61186.000000, 32.884560788166660, -88.105173193666658, 8747.013000000000800, 0.000000000000000
61186.500000, 32.884782617500001, -88.104558312583350, 8747.013500000000900, 0.000000000000000
61187.000000, 32.885004446833335, -88.103943431500028, 8747.013999999999200, 0.000000000000000
61187.500000, 32.885226073416661, -88.103328314999999, 8747.015999999999600, 0.000000000000000
61188.000000, 32.885447700000000, -88.102713198499984, 8747.018000000000000, 0.000000000000000
61188.500000, 32.885669038416665, -88.102097998500000, 8747.003499999998900, 0.000000000000000
61189.000000, 32.885890376833331, -88.101482798500001, 8746.988999999999600, 0.000000000000000
61189.500000, 32.886110770263890, -88.100867086944447, 8746.952833333334600, 0.000000000000000
61190.000000, 32.886331163694443, -88.100251375388893, 8746.916666666666100, 0.000000000000000
61190.500000, 32.886551557125003, -88.099635663833340, 8746.880500000001100, 0.000000000000000
61191.000000, 32.886771950555556, -88.099019952277786, 8746.844333333334400, 0.000000000000000
61191.500000, 32.886992343986108, -88.098404240722232, 8746.808166666667600, 0.000000000000000
61192.000000, 32.887212737416668, -88.097788529166678, 8746.772000000000800, 0.000000000000000
61192.500000, 32.887433130847221, -88.097172817611124, 8746.735833333334100, 0.000000000000000
61193.000000, 32.887653524277781, -88.096557106055570, 8746.699666666667300, 0.000000000000000
61193.500000, 32.887873917708333, -88.095941394500016, 8746.663500000000600, 0.000000000000000
61194.000000, 32.888094311138893, -88.095325682944463, 8746.627333333333800, 0.000000000000000
61194.500000, 32.888314704569446, -88.094709971388909, 8746.591166666667000, 0.000000000000000
61195.000000, 32.888535098000006, -88.094094259833341, 8746.555000000002100, 0.000000000000000
61195.500000, 32.888754390750002, -88.093477915916679, 8746.528000000000200, 0.000000000000000
61196.000000, 32.888973683499998, -88.092861572000004, 8746.501000000000200, 0.000000000000000
61196.500000, 32.889192593833329, -88.092244982916668, 8746.491500000000100, 0.000000000000000
61197.000000, 32.889411504166667, -88.091628393833346, 8746.482000000000000, 0.000000000000000
61197.500000, 32.889630033499998, -88.091011618083343, 8746.474500000000300, 0.000000000000000
61198.000000, 32.889848562833336, -88.090394842333339, 8746.467000000000600, 0.000000000000000
61198.500000, 32.890066717250001, -88.089777861583343, 8746.466500000000500, 0.000000000000000
61199.000000, 32.890284871666665, -88.089160880833333, 8746.466000000000300, 0.000000000000000
61199.500000, 32.890502609083335, -88.088543593416688, 8746.440999999998900, 0.000000000000000
61200.000000, 32.890720346499997, -88.087926306000014, 8746.415999999999300, 0.000000000000000
61200.500000, 32.890937691916662, -88.087308852833331, 8746.385500000000300, 0.000000000000000
61201.000000, 32.891155037333334, -88.086691399666663, 8746.354999999999600, 0.000000000000000
61201.500000, 32.891372086166669, -88.086073842166655, 8746.313999999998500, 0.000000000000000
61202.000000, 32.891589134999997, -88.085456284666662, 8746.272999999999200, 0.000000000000000
61202.500000, 32.891805681361106, -88.084838451277776, 8746.248666666666400, 0.000000000000000
61203.000000, 32.892022227722222, -88.084220617888889, 8746.224333333333600, 0.000000000000000
61203.500000, 32.892238774083332, -88.083602784499988, 8746.200000000000700, 0.000000000000000
61204.000000, 32.892455320444441, -88.082984951111115, 8746.175666666666100, 0.000000000000000
61204.500000, 32.892671866805550, -88.082367117722214, 8746.151333333333200, 0.000000000000000
61205.000000, 32.892888413166666, -88.081749284333341, 8746.127000000002200, 0.000000000000000
61205.500000, 32.893104441250003, -88.081131275583317, 8746.113499999999500, 0.000000000000000
61206.000000, 32.893320469333339, -88.080513266833321, 8746.100000000000400, 0.000000000000000
61206.500000, 32.893536309083331, -88.079895149833334, 8746.096000000001400, 0.000000000000000
61207.000000, 32.893752148833329, -88.079277032833332, 8746.092000000000600, 0.000000000000000
61207.500000, 32.893967719749995, -88.078658874750005, 8746.086999999999500, 0.000000000000000
61208.000000, 32.894183290666668, -88.078040716666663, 8746.082000000000300, 0.000000000000000
61208.500000, 32.894398567333333, -88.077422405583349, 8746.078499999999600, 0.000000000000000
61209.000000, 32.894613843999998, -88.076804094500019, 8746.075000000000700, 0.000000000000000
61209.500000, 32.894828937833331, -88.076185776833341, 8746.074500000000600, 0.000000000000000
61210.000000, 32.895044031666664, -88.075567459166649, 8746.074000000000500, 0.000000000000000
61210.500000, 32.895258956666666, -88.074949147583311, 8746.068500000001200, 0.000000000000000
61211.000000, 32.895473881666668, -88.074330835999987, 8746.063000000000100, 0.000000000000000
61211.500000, 32.895688598833331, -88.073712376666663, 8746.062500000000000, 0.000000000000000
61212.000000, 32.895903316000002, -88.073093917333338, 8746.061999999999900, 0.000000000000000
61212.500000, 32.896117796666665, -88.072475438583325, 8746.056499999998800, 0.000000000000000
61213.000000, 32.896332277333329, -88.071856959833312, 8746.050999999999500, 0.000000000000000
61213.500000, 32.896546649479170, -88.071238569708314, 8746.069999999999700, 0.000000000000000
