Data_files/DISCOVERAQ-APPLANIX_B200_20130928_R0_F1.ict
50, 1001
Hostetler, Dr. Chris
NASA Langley Research Center
NASA B-200/HSRL
DISCOVER-AQ_2013
1, 1
2013,09,28,2014,02,18
0.5
Gps_time_midpoint, seconds, number_of_seconds_from_0000_UTC
4
1, 1, 1, 1
-9999, -9999, -9999, -9999
Gps_lat, degrees, +N_degrees
Gps_lon, degrees, +E_degrees
Gps_alt, meters, altitude_of_aircraft_in_meters
Site_Flag, none, indicates the UC12 is near a ground site or a P3 spiral
14
Site Flag = 101, Galveston
Site Flag = 102, Manvel Croix
Site Flag = 103, Smith Point
Site Flag = 104, Deer Park
Site Flag = 105, Moody Tower
Site Flag = 106, Channelview
Site Flag = 107, West Houston
Site Flag = 108, Conroe
Site Flag = 709, UH Coastal Center
Site Flag = 710, Seabrook Park
Site Flag = 711, Texas Ave
Site Flag = 712, Clinton
Site Flag = 713, Aldine
Site Flag = 714, NW Harris Co
18
PI_CONTACT_INFO: Address: MS 420 NASA/LaRC, Hampton, VA 23681; email: chris.a.hostetler@nasa.gov; 757-864-5373
PLATFORM: NASA/Langley B200
LOCATION: Lat, Lon, and B200 Alt included in this data file
ASSOCIATED_DATA: N/A
INSTRUMENT_INFO: High Spectral Resolution Lidar (HSRL) Nav Data (Applanix)
DATA_INFO: Nav data for B200 Aircraft, carrying HSRL and ACAM
UNCERTAINTY: Not defined
ULOD_FLAG: N/A
ULOD_VALUE: N/A
LLOD_FLAG: N/A
LLOD_VALUE: N/A
DM_CONTACT_INFO: johnathan.w.hair@nasa.gov, richard.a.ferrare@nasa.gov
PROJECT_INFO: DISCOVER_AQ 2013
STIPULATIONS_ON_USE: None
OTHER_COMMENTS: None
REVISION: R0
R0: Final Archive Data - processed Sept 2013 - Nav Data for B200 Only
Gps_time_midpoint, Gps_lat, Gps_lon, Gps_alt, Site_Flag
[from data line 19036]
63825.000000, 33.609692363333345, -84.628205961999981, 8712.211999999999500, 0.000000000000000
63825.500000, 33.609789909000000, -84.627538137333318, 8712.195999999999900, 0.000000000000000
63826.000000, 33.609887454666669, -84.626870312666640, 8712.180000000000300, 0.000000000000000
63826.500000, 33.609984551916668, -84.626202326499993, 8712.172000000000500, 0.000000000000000
63827.000000, 33.610081649166666, -84.625534340333346, 8712.164000000000700, 0.000000000000000
63827.500000, 33.610178084249995, -84.624866189000002, 8712.180000000000300, 0.000000000000000
63828.000000, 33.610274519333331, -84.624198037666673, 8712.195999999999900, 0.000000000000000
63828.500000, 33.610370954416666, -84.623529886333330, 8712.211999999999500, 0.000000000000000
63829.000000, 33.610467389499995, -84.622861734999987, 8712.227999999999200, 0.000000000000000
63829.500000, 33.610563331500003, -84.622193492666668, 8712.282999999999400, 0.000000000000000
63830.000000, 33.610659273500005, -84.621525250333349, 8712.338000000001600, 0.000000000000000
63830.500000, 33.610754761750002, -84.620856834583350, 8712.378000000000600, 0.000000000000000
63831.000000, 33.610850249999999, -84.620188418833337, 8712.417999999999700, 0.000000000000000
63831.500000, 33.610945299333331, -84.619519927083331, 8712.426999999999700, 0.000000000000000
63832.000000, 33.611040348666663, -84.618851435333312, 8712.435999999999700, 0.000000000000000
63832.500000, 33.611134765416665, -84.618182616666658, 8712.455000000001700, 0.000000000000000
63833.000000, 33.611229182166667, -84.617513798000004, 8712.474000000000200, 0.000000000000000
63833.500000, 33.611323051166664, -84.616844874333339, 8712.494999999999000, 0.000000000000000
63834.000000, 33.611416920166668, -84.616175950666673, 8712.515999999999600, 0.000000000000000
63834.500000, 33.611510179250004, -84.615506762666669, 8712.531999999999200, 0.000000000000000
63835.000000, 33.611603438333333, -84.614837574666666, 8712.548000000000700, 0.000000000000000
63835.500000, 33.611695556249998, -84.614168075124994, 8712.557000000000700, 0.000000000000000
63836.000000, 33.611787674166663, -84.613498575583321, 8712.566000000000700, 0.000000000000000
63836.500000, 33.611879792083336, -84.612829076041663, 8712.575000000000700, 0.000000000000000
63837.000000, 33.611971910000008, -84.612159576499977, 8712.584000000000700, 0.000000000000000
63837.500000, 33.612062508500003, -84.611489494666642, 8712.565500000000600, 0.000000000000000
63838.000000, 33.612153107000005, -84.610819412833322, 8712.547000000000500, 0.000000000000000
63838.500000, 33.612243705500006, -84.610149331000002, 8712.528500000000300, 0.000000000000000
63839.000000, 33.612334304000001, -84.609479249166668, 8712.510000000000200, 0.000000000000000
63839.500000, 33.612423737166665, -84.608808786749989, 8712.492500000000300, 0.000000000000000
63840.000000, 33.612513170333337, -84.608138324333325, 8712.475000000000400, 0.000000000000000
63840.500000, 33.612601725833336, -84.607467556083321, 8712.461999999999500, 0.000000000000000
63841.000000, 33.612690281333336, -84.606796787833318, 8712.449000000000500, 0.000000000000000
63841.500000, 33.612777423499999, -84.606125464374998, 8712.412250000001200, 0.000000000000000
63842.000000, 33.612864565666669, -84.605454140916663, 8712.375500000000100, 0.000000000000000
63842.500000, 33.612951707833332, -84.604782817458329, 8712.338750000000800, 0.000000000000000
63843.000000, 33.613038849999995, -84.604111494000009, 8712.301999999999700, 0.000000000000000
63843.500000, 33.613124094833331, -84.603439497000011, 8712.261249999999600, 0.000000000000000
63844.000000, 33.613209339666668, -84.602767499999999, 8712.220499999999400, 0.000000000000000
63844.500000, 33.613294584499997, -84.602095503000001, 8712.179749999999300, 0.000000000000000
63845.000000, 33.613379829333333, -84.601423506000003, 8712.139000000001000, 0.000000000000000
63845.500000, 33.613463639750002, -84.600750989916662, 8712.109000000000400, 0.000000000000000
63846.000000, 33.613547450166671, -84.600078473833335, 8712.078999999999700, 0.000000000000000
63846.500000, 33.613627142369047, -84.599404560714277, 8712.027785714284600, 0.000000000000000
63847.000000, 33.613706834571431, -84.598730647595247, 8711.976571428571300, 0.000000000000000
63847.500000, 33.613786526773808, -84.598056734476188, 8711.925357142856200, 0.000000000000000
63848.000000, 33.613866218976199, -84.597382821357144, 8711.874142857142900, 0.000000000000000
63848.500000, 33.613945911178575, -84.596708908238099, 8711.822928571429700, 0.000000000000000
63849.000000, 33.614025603380952, -84.596034995119041, 8711.771714285712700, 0.000000000000000
63849.500000, 33.614105295583336, -84.595361082000011, 8711.720499999999400, 0.000000000000000
63850.000000, 33.614184987785720, -84.594687168880952, 8711.669285714284300, 0.000000000000000
63850.500000, 33.614264679988096, -84.594013255761908, 8711.618071428571100, 0.000000000000000
63851.000000, 33.614344372190480, -84.593339342642864, 8711.566857142857800, 0.000000000000000
63851.500000, 33.614424064392857, -84.592665429523819, 8711.515642857142700, 0.000000000000000
63852.000000, 33.614503756595241, -84.591991516404761, 8711.464428571427600, 0.000000000000000
63852.500000, 33.614583448797617, -84.591317603285717, 8711.413214285714300, 0.000000000000000
63853.000000, 33.614663141000001, -84.590643690166672, 8711.361999999999200, 0.000000000000000
63853.500000, 33.614737809583332, -84.589968087041655, 8711.329250000000700, 0.000000000000000
63854.000000, 33.614812478166670, -84.589292483916665, 8711.296500000000400, 0.000000000000000
63854.500000, 33.614887146750000, -84.588616880791662, 8711.263750000000100, 0.000000000000000
63855.000000, 33.614961815333331, -84.587941277666658, 8711.230999999999800, 0.000000000000000
63855.500000, 33.615034666749992, -84.587265076583336, 8711.212499999999600, 0.000000000000000
63856.000000, 33.615107518166660, -84.586588875500013, 8711.193999999999500, 0.000000000000000
63856.500000, 33.615179179499997, -84.585912283166678, 8711.164000000000700, 0.000000000000000
63857.000000, 33.615250840833333, -84.585235690833329, 8711.134000000000000, 0.000000000000000
63857.500000, 33.615320752291666, -84.584558475833347, 8711.131750000000500, 0.000000000000000
63858.000000, 33.615390663749999, -84.583881260833351, 8711.129499999999100, 0.000000000000000
63858.500000, 33.615460575208331, -84.583204045833341, 8711.127249999999500, 0.000000000000000
63859.000000, 33.615530486666664, -84.582526830833345, 8711.125000000000000, 0.000000000000000
63859.500000, 33.615595076904761, -84.581847913523831, 8711.105785714286000, 0.000000000000000
63860.000000, 33.615659667142857, -84.581168996214302, 8711.086571428571900, 0.000000000000000
63860.500000, 33.615724257380954, -84.580490078904774, 8711.067357142856100, 0.000000000000000
63861.000000, 33.615788847619044, -84.579811161595245, 8711.048142857143800, 0.000000000000000
63861.500000, 33.615853437857140, -84.579132244285717, 8711.028928571428000, 0.000000000000000
63862.000000, 33.615918028095237, -84.578453326976188, 8711.009714285713900, 0.000000000000000
63862.500000, 33.615982618333334, -84.577774409666659, 8710.990499999999900, 0.000000000000000
63863.000000, 33.616047208571430, -84.577095492357145, 8710.971285714285800, 0.000000000000000
63863.500000, 33.616111798809527, -84.576416575047617, 8710.952071428571800, 0.000000000000000
63864.000000, 33.616176389047617, -84.575737657738088, 8710.932857142855900, 0.000000000000000
63864.500000, 33.616240979285720, -84.575058740428560, 8710.913642857141900, 0.000000000000000
63865.000000, 33.616305569523817, -84.574379823119045, 8710.894428571427900, 0.000000000000000
63865.500000, 33.616370159761907, -84.573700905809517, 8710.875214285713800, 0.000000000000000
63866.000000, 33.616434750000003, -84.573021988499988, 8710.855999999999800, 0.000000000000000
63866.500000, 33.616494587166670, -84.572341469166673, 8710.785500000000000, 0.000000000000000
63867.000000, 33.616554424333337, -84.571660949833344, 8710.715000000000100, 0.000000000000000
63867.500000, 33.616612926333332, -84.570980017666670, 8710.668499999999800, 0.000000000000000
63868.000000, 33.616671428333333, -84.570299085500011, 8710.622000000001200, 0.000000000000000
63868.500000, 33.616728523500001, -84.569617749583330, 8710.579999999999900, 0.000000000000000
63869.000000, 33.616785618666668, -84.568936413666663, 8710.538000000000500, 0.000000000000000
63869.500000, 33.616841416000000, -84.568254569666664, 8710.335500000001000, 0.000000000000000
63870.000000, 33.616897213333331, -84.567572725666679, 8710.132999999999800, 0.000000000000000
63870.500000, 33.616951220666664, -84.566889885791682, 8709.622500000001300, 0.000000000000000
63871.000000, 33.617005227999996, -84.566207045916684, 8709.112000000004600, 0.000000000000000
63871.500000, 33.617059235333329, -84.565524206041687, 8708.601500000006100, 0.000000000000000
63872.000000, 33.617113242666662, -84.564841366166675, 8708.091000000007600, 0.000000000000000
63872.500000, 33.617165631166664, -84.564157268250000, 8707.330000000005400, 0.000000000000000
63873.000000, 33.617218019666666, -84.563473170333324, 8706.568999999999500, 0.000000000000000
63873.500000, 33.617268941375002, -84.562787399041667, 8705.379000000004500, 0.000000000000000
63874.000000, 33.617319863083331, -84.562101627749996, 8704.189000000007600, 0.000000000000000
63874.500000, 33.617370784791660, -84.561415856458325, 8702.999000000012500, 0.000000000000000
63875.000000, 33.617421706499997, -84.560730085166654, 8701.809000000015700, 0.000000000000000
63875.500000, 33.617471221416665, -84.560042293416657, 8700.107000000025400, 0.000000000000000
63876.000000, 33.617520736333333, -84.559354501666661, 8698.405000000024300, 0.000000000000000
63876.500000, 33.617568775833334, -84.558663846208333, 8696.220750000024100, 0.000000000000000
63877.000000, 33.617616815333335, -84.557973190750005, 8694.036500000016500, 0.000000000000000
63877.500000, 33.617664854833329, -84.557282535291677, 8691.852250000007200, 0.000000000000000
63878.000000, 33.617712894333330, -84.556591879833348, 8689.667999999999700, 0.000000000000000
63878.500000, 33.617759610000000, -84.555898160666686, 8687.192500000019200, 0.000000000000000
63879.000000, 33.617806325666670, -84.555204441500024, 8684.717000000036900, 0.000000000000000
63879.500000, 33.617851772041668, -84.554507426250012, 8682.095250000029400, 0.000000000000000
63880.000000, 33.617897218416672, -84.553810411000001, 8679.473500000018200, 0.000000000000000
63880.500000, 33.617942664791670, -84.553113395750003, 8676.851750000008900, 0.000000000000000
63881.000000, 33.617988111166667, -84.552416380499992, 8674.229999999999600, 0.000000000000000
63881.500000, 33.618032542333339, -84.551716085000010, 8671.531999999999200, 0.000000000000000
63882.000000, 33.618076973500003, -84.551015789500013, 8668.834000000000700, 0.000000000000000
63882.500000, 33.618120493208338, -84.550312436583340, 8666.181000000000500, 0.000000000000000
63883.000000, 33.618164012916665, -84.549609083666667, 8663.528000000000200, 0.000000000000000
63883.500000, 33.618207532625000, -84.548905730750008, 8660.875000000000000, 0.000000000000000
63884.000000, 33.618251052333335, -84.548202377833334, 8658.221999999999800, 0.000000000000000
63884.500000, 33.618293895000001, -84.547496179250004, 8655.679500000000200, 0.000000000000000
63885.000000, 33.618336737666667, -84.546789980666659, 8653.137000000000600, 0.000000000000000
63885.500000, 33.618379127166662, -84.546081952500003, 8650.671000000018500, 0.000000000000000
63886.000000, 33.618421516666665, -84.545373924333347, 8648.205000000036300, 0.000000000000000
63886.500000, 33.618463649416668, -84.544664187416686, 8645.808000000035500, 0.000000000000000
63887.000000, 33.618505782166672, -84.543954450500010, 8643.411000000034600, 0.000000000000000
63887.500000, 33.618547690333330, -84.543243139750004, 8641.053500000016400, 0.000000000000000
63888.000000, 33.618589598499995, -84.542531828999984, 8638.695999999999900, 0.000000000000000
63888.500000, 33.618631283541660, -84.541818264416662, 8636.399750000007800, 0.000000000000000
63889.000000, 33.618672968583333, -84.541104699833340, 8634.103500000015600, 0.000000000000000
63889.500000, 33.618714653625005, -84.540391135250005, 8631.807250000025300, 0.000000000000000
63890.000000, 33.618756338666671, -84.539677570666683, 8629.511000000033200, 0.000000000000000
63890.500000, 33.618798040499996, -84.538961896583345, 8627.251000000032900, 0.000000000000000
63891.000000, 33.618839742333329, -84.538246222500007, 8624.991000000032700, 0.000000000000000
63891.500000, 33.618881515124997, -84.537528521166678, 8622.774000000023100, 0.000000000000000
63892.000000, 33.618923287916658, -84.536810819833335, 8620.557000000015300, 0.000000000000000
63892.500000, 33.618965060708334, -84.536093118500006, 8618.340000000007400, 0.000000000000000
63893.000000, 33.619006833499995, -84.535375417166662, 8616.122999999999600, 0.000000000000000
63893.500000, 33.619048966416663, -84.534655877250003, 8613.934000000015700, 0.000000000000000
63894.000000, 33.619091099333332, -84.533936337333358, 8611.745000000031700, 0.000000000000000
63894.500000, 33.619133434749997, -84.533215550666682, 8609.571000000032700, 0.000000000000000
63895.000000, 33.619175770166663, -84.532494763999992, 8607.397000000031800, 0.000000000000000
63895.500000, 33.619218397916669, -84.531772869500003, 8605.262500000015300, 0.000000000000000
63896.000000, 33.619261025666667, -84.531050974999985, 8603.128000000000600, 0.000000000000000
63896.500000, 33.619305462675001, -84.530323837066646, 8601.197049999998900, 0.000000000000000
63897.000000, 33.619349899683336, -84.529596699133322, 8599.266099999998900, 0.000000000000000
63897.500000, 33.619394336691670, -84.528869561199983, 8597.335149999995300, 0.000000000000000
63898.000000, 33.619438773700004, -84.528142423266658, 8595.404199999995400, 0.000000000000000
63898.500000, 33.619483210708339, -84.527415285333319, 8593.473249999993600, 0.000000000000000
63899.000000, 33.619527647716666, -84.526688147399980, 8591.542299999991900, 0.000000000000000
63899.500000, 33.619572084725007, -84.525961009466641, 8589.611349999991900, 0.000000000000000
63900.000000, 33.619616521733334, -84.525233871533317, 8587.680399999990200, 0.000000000000000
63900.500000, 33.619660958741669, -84.524506733599978, 8585.749449999988400, 0.000000000000000
63901.000000, 33.619705395750003, -84.523779595666653, 8583.818499999986700, 0.000000000000000
63901.500000, 33.619749832758338, -84.523052457733314, 8581.887549999984900, 0.000000000000000
63902.000000, 33.619794269766672, -84.522325319799990, 8579.956599999983200, 0.000000000000000
63902.500000, 33.619838706775006, -84.521598181866651, 8578.025649999981400, 0.000000000000000
63903.000000, 33.619883143783341, -84.520871043933312, 8576.094699999981500, 0.000000000000000
63903.500000, 33.619927580791668, -84.520143905999987, 8574.163749999979700, 0.000000000000000
63904.000000, 33.619972017800009, -84.519416768066648, 8572.232799999977900, 0.000000000000000
63904.500000, 33.620016454808336, -84.518689630133309, 8570.301849999976200, 0.000000000000000
63905.000000, 33.620060891816671, -84.517962492199985, 8568.370899999974400, 0.000000000000000
63905.500000, 33.620105328825005, -84.517235354266646, 8566.439949999974500, 0.000000000000000
63906.000000, 33.620149765833339, -84.516508216333307, 8564.508999999980000, 0.000000000000000
63906.500000, 33.620197147583340, -84.515777168166650, 8563.146499999984400, 0.000000000000000
63907.000000, 33.620244529333334, -84.515046119999994, 8561.783999999988700, 0.000000000000000
63907.500000, 33.620291911083335, -84.514315071833337, 8560.421499999994900, 0.000000000000000
63908.000000, 33.620339292833336, -84.513584023666681, 8559.058999999999300, 0.000000000000000
63908.500000, 33.620387551000000, -84.512852809833348, 8558.017500000007200, 0.000000000000000
