Data_files/DISCOVERAQ-APPLANIX_B200_20130928_R0_F1.ict
50, 1001
Hostetler, Dr. Chris
NASA Langley Research Center
NASA B-200/HSRL
DISCOVER-AQ_2013
1, 1
2013,09,28,2014,02,18
0.5
Gps_time_midpoint, seconds, number_of_seconds_from_0000_UTC
4
1, 1, 1, 1
-9999, -9999, -9999, -9999
Gps_lat, degrees, +N_degrees
Gps_lon, degrees, +E_degrees
Gps_alt, meters, altitude_of_aircraft_in_meters
Site_Flag, none, indicates the UC12 is near a ground site or a P3 spiral
14
Site Flag = 101, Galveston
Site Flag = 102, Manvel Croix
Site Flag = 103, Smith Point
Site Flag = 104, Deer Park
Site Flag = 105, Moody Tower
Site Flag = 106, Channelview
Site Flag = 107, West Houston
Site Flag = 108, Conroe
Site Flag = 709, UH Coastal Center
Site Flag = 710, Seabrook Park
Site Flag = 711, Texas Ave
Site Flag = 712, Clinton
Site Flag = 713, Aldine
Site Flag = 714, NW Harris Co
18
PI_CONTACT_INFO: Address: MS 420 NASA/LaRC, Hampton, VA 23681; email: chris.a.hostetler@nasa.gov; 757-864-5373
PLATFORM: NASA/Langley B200
LOCATION: Lat, Lon, and B200 Alt included in this data file
ASSOCIATED_DATA: N/A
INSTRUMENT_INFO: High Spectral Resolution Lidar (HSRL) Nav Data (Applanix)
DATA_INFO: Nav data for B200 Aircraft, carrying HSRL and ACAM
UNCERTAINTY: Not defined
ULOD_FLAG: N/A
ULOD_VALUE: N/A
LLOD_FLAG: N/A
LLOD_VALUE: N/A
DM_CONTACT_INFO: johnathan.w.hair@nasa.gov, richard.a.ferrare@nasa.gov
PROJECT_INFO: DISCOVER_AQ 2013
STIPULATIONS_ON_USE: None
OTHER_COMMENTS: None
REVISION: R0
R0: Final Archive Data - processed Sept 2013 - Nav Data for B200 Only
Gps_time_midpoint, Gps_lat, Gps_lon, Gps_alt, Site_Flag
[from data line 7921]
58267.500000, 31.550255344166665, -91.750871508333333, 8765.938500000000200, 0.000000000000000
58268.000000, 31.550492016000000, -91.750251616833339, 8765.984000000000400, 0.000000000000000
58268.500000, 31.550728812749998, -91.749632209833337, 8765.968499999999000, 0.000000000000000
58269.000000, 31.550965609499997, -91.749012802833334, 8765.952999999999500, 0.000000000000000
58269.500000, 31.551202378416669, -91.748393526833325, 8765.931499999998800, 0.000000000000000
58270.000000, 31.551439147333337, -91.747774250833317, 8765.909999999999900, 0.000000000000000
58270.500000, 31.551675879833333, -91.747154901666661, 8765.902500000000100, 0.000000000000000
58271.000000, 31.551912612333332, -91.746535552500006, 8765.895000000000400, 0.000000000000000
58271.500000, 31.552149272999998, -91.745916288750010, 8765.868000000000400, 0.000000000000000
58272.000000, 31.552385933666663, -91.745297024999999, 8765.841000000000300, 0.000000000000000
58272.500000, 31.552622699666664, -91.744677886166670, 8765.808000000000900, 0.000000000000000
58273.000000, 31.552859465666661, -91.744058747333341, 8765.774999999999600, 0.000000000000000
58273.500000, 31.553096212416662, -91.743439582666667, 8765.750000000000000, 0.000000000000000
58274.000000, 31.553332959166664, -91.742820418000008, 8765.725000000000400, 0.000000000000000
58274.500000, 31.553569766666666, -91.742201333083344, 8765.697000000000100, 0.000000000000000
58275.000000, 31.553806574166668, -91.741582248166679, 8765.668999999999900, 0.000000000000000
58275.500000, 31.554043457916663, -91.740963065083349, 8765.610000000000600, 0.000000000000000
58276.000000, 31.554280341666662, -91.740343882000005, 8765.550999999999500, 0.000000000000000
58276.500000, 31.554517212916664, -91.739724848000009, 8765.558999999999300, 0.000000000000000
58277.000000, 31.554754084166664, -91.739105813999998, 8765.566999999999100, 0.000000000000000
58277.500000, 31.554991057833334, -91.738486888666671, 8765.566500000000800, 0.000000000000000
58278.000000, 31.555228031500004, -91.737867963333343, 8765.566000000000700, 0.000000000000000
58278.500000, 31.555465049750001, -91.737249099250022, 8765.564000000000300, 0.000000000000000
58279.000000, 31.555702067999999, -91.736630235166686, 8765.561999999999900, 0.000000000000000
58279.500000, 31.555939162416664, -91.736011407166671, 8765.554000000000100, 0.000000000000000
58280.000000, 31.556176256833332, -91.735392579166671, 8765.546000000000300, 0.000000000000000
58280.500000, 31.556413485833335, -91.734773829333335, 8765.557499999999000, 0.000000000000000
58281.000000, 31.556650714833339, -91.734155079499985, 8765.568999999999500, 0.000000000000000
58281.500000, 31.556888039250005, -91.733536418249997, 8765.578999999999700, 0.000000000000000
58282.000000, 31.557125363666668, -91.732917756999996, 8765.588999999999900, 0.000000000000000
58282.500000, 31.557362806916668, -91.732299070333326, 8765.607000000000000, 0.000000000000000
58283.000000, 31.557600250166669, -91.731680383666657, 8765.625000000000000, 0.000000000000000
58283.500000, 31.557837747166666, -91.731061851000007, 8765.618999999998800, 0.000000000000000
58284.000000, 31.558075244166666, -91.730443318333357, 8765.613000000001200, 0.000000000000000
58284.500000, 31.558312922166671, -91.729824906166670, 8765.632499999999700, 0.000000000000000
58285.000000, 31.558550600166672, -91.729206493999996, 8765.652000000000000, 0.000000000000000
58285.500000, 31.558788389416669, -91.728588046416661, 8765.680500000000400, 0.000000000000000
58286.000000, 31.559026178666667, -91.727969598833326, 8765.709000000000700, 0.000000000000000
58286.500000, 31.559264127500001, -91.727351274666660, 8765.746500000001100, 0.000000000000000
58287.000000, 31.559502076333334, -91.726732950499994, 8765.783999999999700, 0.000000000000000
58287.500000, 31.559740117750000, -91.726114647833327, 8765.826000000000900, 0.000000000000000
58288.000000, 31.559978159166665, -91.725496345166675, 8765.868000000000400, 0.000000000000000
58288.500000, 31.560216386666667, -91.724878181375004, 8765.913499999998700, 0.000000000000000
58289.000000, 31.560454614166666, -91.724260017583333, 8765.958999999998900, 0.000000000000000
58289.500000, 31.560692841666668, -91.723641853791662, 8766.004499999999100, 0.000000000000000
58290.000000, 31.560931069166667, -91.723023689999991, 8766.049999999999300, 0.000000000000000
58290.500000, 31.561169529416667, -91.722405620166668, 8766.098000000000000, 0.000000000000000
58291.000000, 31.561407989666669, -91.721787550333346, 8766.146000000000600, 0.000000000000000
58291.500000, 31.561646687791669, -91.721169521166672, 8766.198250000001300, 0.000000000000000
58292.000000, 31.561885385916668, -91.720551491999998, 8766.250500000000100, 0.000000000000000
58292.500000, 31.562124084041663, -91.719933462833325, 8766.302749999998900, 0.000000000000000
58293.000000, 31.562362782166662, -91.719315433666665, 8766.354999999999600, 0.000000000000000
58293.500000, 31.562601766000000, -91.718697533583324, 8766.408999999999700, 0.000000000000000
58294.000000, 31.562840749833338, -91.718079633499983, 8766.462999999999700, 0.000000000000000
58294.500000, 31.563079878083336, -91.717461819499988, 8766.506499999999500, 0.000000000000000
58295.000000, 31.563319006333337, -91.716844005499993, 8766.549999999999300, 0.000000000000000
58295.500000, 31.563558338333337, -91.716226152208336, 8766.613750000000400, 0.000000000000000
58296.000000, 31.563797670333336, -91.715608298916663, 8766.677499999999800, 0.000000000000000
58296.500000, 31.564037002333336, -91.714990445625006, 8766.741249999999100, 0.000000000000000
58297.000000, 31.564276334333332, -91.714372592333348, 8766.805000000000300, 0.000000000000000
58297.500000, 31.564516015416665, -91.713754626750003, 8766.832000000000300, 0.000000000000000
58298.000000, 31.564755696500001, -91.713136661166658, 8766.859000000000400, 0.000000000000000
58298.500000, 31.564995436916668, -91.712518817333333, 8766.899999999999600, 0.000000000000000
58299.000000, 31.565235177333335, -91.711900973500008, 8766.940999999998900, 0.000000000000000
58299.500000, 31.565475093166668, -91.711283122999987, 8766.967500000000700, 0.000000000000000
58300.000000, 31.565715009000002, -91.710665272499980, 8766.994000000000600, 0.000000000000000
58300.500000, 31.565955064416666, -91.710047438000004, 8766.995500000000900, 0.000000000000000
58301.000000, 31.566195119833331, -91.709429603499999, 8766.996999999999400, 0.000000000000000
58301.500000, 31.566435371499999, -91.708811672750002, 8766.995999999999200, 0.000000000000000
58302.000000, 31.566675623166663, -91.708193742000006, 8766.995000000000800, 0.000000000000000
58302.500000, 31.566915989999998, -91.707575771750015, 8766.971499999999700, 0.000000000000000
58303.000000, 31.567156356833330, -91.706957801500010, 8766.948000000000300, 0.000000000000000
58303.500000, 31.567396864333332, -91.706339746416660, 8766.902000000000000, 0.000000000000000
58304.000000, 31.567637371833328, -91.705721691333338, 8766.855999999999800, 0.000000000000000
58304.500000, 31.567877879333331, -91.705103636249987, 8766.809999999999500, 0.000000000000000
58305.000000, 31.568118386833330, -91.704485581166651, 8766.763999999999200, 0.000000000000000
58305.500000, 31.568359070166665, -91.703867454499999, 8766.709999999999100, 0.000000000000000
58306.000000, 31.568599753499999, -91.703249327833333, 8766.656000000000900, 0.000000000000000
58306.500000, 31.568840605374998, -91.702631103833326, 8766.573000000000300, 0.000000000000000
58307.000000, 31.569081457250000, -91.702012879833333, 8766.490000000001600, 0.000000000000000
58307.500000, 31.569322309124999, -91.701394655833326, 8766.406999999999200, 0.000000000000000
58308.000000, 31.569563161000001, -91.700776431833333, 8766.324000000000500, 0.000000000000000
58308.500000, 31.569804196833331, -91.700158227166668, 8766.225500000000500, 0.000000000000000
58309.000000, 31.570045232666665, -91.699540022500003, 8766.127000000000400, 0.000000000000000
58309.500000, 31.570286371999998, -91.698921768500000, 8766.032500000001200, 0.000000000000000
58310.000000, 31.570527511333331, -91.698303514499997, 8765.938000000000100, 0.000000000000000
58310.500000, 31.570768748416665, -91.697685275083330, 8765.859500000002300, 0.000000000000000
58311.000000, 31.571009985499998, -91.697067035666663, 8765.781000000002700, 0.000000000000000
58311.500000, 31.571251386083333, -91.696448833833330, 8765.723250000000900, 0.000000000000000
58312.000000, 31.571492786666667, -91.695830631999996, 8765.665500000001000, 0.000000000000000
58312.500000, 31.571734187250001, -91.695212430166663, 8765.607749999999200, 0.000000000000000
58313.000000, 31.571975587833336, -91.694594228333330, 8765.549999999999300, 0.000000000000000
58313.500000, 31.572217088833334, -91.693976018583328, 8765.513999999999200, 0.000000000000000
58314.000000, 31.572458589833332, -91.693357808833326, 8765.477999999999200, 0.000000000000000
58314.500000, 31.572700154833335, -91.692739689666666, 8765.455999999998300, 0.000000000000000
58315.000000, 31.572941719833334, -91.692121570500007, 8765.433999999999300, 0.000000000000000
58315.500000, 31.573183281916670, -91.691503495916663, 8765.419500000000000, 0.000000000000000
58316.000000, 31.573424844000002, -91.690885421333348, 8765.405000000000700, 0.000000000000000
58316.500000, 31.573666427749998, -91.690267404583352, 8765.401000000001700, 0.000000000000000
58317.000000, 31.573908011499999, -91.689649387833342, 8765.397000000000800, 0.000000000000000
58317.500000, 31.574149581249998, -91.689031437583338, 8765.420500000000200, 0.000000000000000
58318.000000, 31.574391150999997, -91.688413487333349, 8765.443999999999500, 0.000000000000000
58318.500000, 31.574632720749996, -91.687795537083332, 8765.467499999998800, 0.000000000000000
58319.000000, 31.574874290499995, -91.687177586833343, 8765.491000000000000, 0.000000000000000
58319.500000, 31.575115725416666, -91.686559791000008, 8765.524499999999500, 0.000000000000000
58320.000000, 31.575357160333336, -91.685941995166687, 8765.558000000000900, 0.000000000000000
58320.500000, 31.575598486083333, -91.685324233333347, 8765.618000000000400, 0.000000000000000
58321.000000, 31.575839811833330, -91.684706471500007, 8765.677999999999900, 0.000000000000000
58321.500000, 31.576081025666667, -91.684088711333317, 8765.736499999999100, 0.000000000000000
58322.000000, 31.576322239500008, -91.683470951166640, 8765.795000000000100, 0.000000000000000
58322.500000, 31.576563310833340, -91.682853250916651, 8765.828750000000600, 0.000000000000000
58323.000000, 31.576804382166671, -91.682235550666661, 8765.862499999999300, 0.000000000000000
58323.500000, 31.577045453500002, -91.681617850416671, 8765.896249999999800, 0.000000000000000
58324.000000, 31.577286524833333, -91.681000150166682, 8765.930000000000300, 0.000000000000000
58324.500000, 31.577527533999998, -91.680382458750003, 8765.942500000001000, 0.000000000000000
58325.000000, 31.577768543166666, -91.679764767333324, 8765.954999999999900, 0.000000000000000
58325.500000, 31.578009492250001, -91.679147083249973, 8765.952999999999500, 0.000000000000000
58326.000000, 31.578250441333335, -91.678529399166649, 8765.950999999999100, 0.000000000000000
58326.500000, 31.578491381750002, -91.677911768333317, 8765.944499999999600, 0.000000000000000
58327.000000, 31.578732322166672, -91.677294137499999, 8765.938000000000100, 0.000000000000000
58327.500000, 31.578973274875004, -91.676676559874991, 8765.943500000001200, 0.000000000000000
58328.000000, 31.579214227583336, -91.676058982249998, 8765.949000000000500, 0.000000000000000
58328.500000, 31.579455180291667, -91.675441404624991, 8765.954499999999800, 0.000000000000000
58329.000000, 31.579696133000002, -91.674823826999997, 8765.959999999999100, 0.000000000000000
58329.500000, 31.579936927750005, -91.674206268166671, 8765.954499999999800, 0.000000000000000
58330.000000, 31.580177722500007, -91.673588709333330, 8765.949000000000500, 0.000000000000000
58330.500000, 31.580418424666671, -91.672971141749997, 8765.945499999999800, 0.000000000000000
58331.000000, 31.580659126833336, -91.672353574166650, 8765.941999999999100, 0.000000000000000
58331.500000, 31.580899657416669, -91.671735950624992, 8765.937249999999000, 0.000000000000000
58332.000000, 31.581140187999999, -91.671118327083320, 8765.932499999999000, 0.000000000000000
58332.500000, 31.581380718583333, -91.670500703541663, 8765.927749999998900, 0.000000000000000
58333.000000, 31.581621249166666, -91.669883080000005, 8765.923000000000700, 0.000000000000000
58333.500000, 31.581861629000002, -91.669265304249990, 8765.921500000000400, 0.000000000000000
58334.000000, 31.582102008833335, -91.668647528500003, 8765.920000000000100, 0.000000000000000
58334.500000, 31.582342324083335, -91.668029736416671, 8765.929000000000100, 0.000000000000000
58335.000000, 31.582582639333335, -91.667411944333338, 8765.938000000000100, 0.000000000000000
58335.500000, 31.582822831083334, -91.666794030333335, 8765.960750000000200, 0.000000000000000
58336.000000, 31.583063022833336, -91.666176116333332, 8765.983500000000300, 0.000000000000000
58336.500000, 31.583303214583335, -91.665558202333330, 8766.006250000000400, 0.000000000000000
58337.000000, 31.583543406333334, -91.664940288333341, 8766.029000000000500, 0.000000000000000
58337.500000, 31.583783550000003, -91.664322487333351, 8766.023000000001000, 0.000000000000000
58338.000000, 31.584023693666673, -91.663704686333332, 8766.016999999999800, 0.000000000000000
58338.500000, 31.584263731750006, -91.663086678250011, 8766.040000000000900, 0.000000000000000
58339.000000, 31.584503769833336, -91.662468670166675, 8766.063000000000100, 0.000000000000000
58339.500000, 31.584743830249998, -91.661850680416663, 8766.060000000001300, 0.000000000000000
58340.000000, 31.584983890666663, -91.661232690666651, 8766.057000000000700, 0.000000000000000
58340.500000, 31.585224066666662, -91.660614678833326, 8766.023500000001100, 0.000000000000000
58341.000000, 31.585464242666667, -91.659996667000001, 8765.990000000001600, 0.000000000000000
58341.500000, 31.585704418666669, -91.659378655166648, 8765.956500000000200, 0.000000000000000
58342.000000, 31.585944594666667, -91.658760643333338, 8765.922999999998900, 0.000000000000000
58342.500000, 31.586184856583333, -91.658142691083341, 8765.836999999999500, 0.000000000000000
58343.000000, 31.586425118499999, -91.657524738833345, 8765.751000000000200, 0.000000000000000
58343.500000, 31.586665402583336, -91.656906655666674, 8765.681499999998800, 0.000000000000000
58344.000000, 31.586905686666668, -91.656288572500003, 8765.611999999999200, 0.000000000000000
58344.500000, 31.587145961166669, -91.655670485666661, 8765.536000000000100, 0.000000000000000
58345.000000, 31.587386235666671, -91.655052398833320, 8765.459999999997300, 0.000000000000000
58345.500000, 31.587626448833340, -91.654434187749985, 8765.394999999998600, 0.000000000000000
58346.000000, 31.587866662000007, -91.653815976666664, 8765.329999999999900, 0.000000000000000
58346.500000, 31.588106759333336, -91.653197655666673, 8765.280999999999000, 0.000000000000000
58347.000000, 31.588346856666664, -91.652579334666669, 8765.232000000000000, 0.000000000000000
58347.500000, 31.588586638250000, -91.651960866374992, 8765.217749999999800, 0.000000000000000
58348.000000, 31.588826419833332, -91.651342398083329, 8765.203499999999600, 0.000000000000000
58348.500000, 31.589066201416671, -91.650723929791667, 8765.189249999999400, 0.000000000000000
58349.000000, 31.589305983000003, -91.650105461499990, 8765.174999999999300, 0.000000000000000
58349.500000, 31.589545347833337, -91.649486807499983, 8765.196500000001800, 0.000000000000000
58350.000000, 31.589784712666667, -91.648868153500004, 8765.218000000000800, 0.000000000000000
58350.500000, 31.590023869333336, -91.648249437416666, 8765.236499999999100, 0.000000000000000
